50 50
5
7 11 28 30
47 45 28 38
23 45 35 32
32 29 16 34
5 32 10 21
118 127 113 59 143 175 49 40 214 69 191 134 146 230 71 104 151 9 174 200 154 197 97 189 226 112 70 211 224 36 238 18 113 129 192 202 53 226 184 0 0 0 121 58 106 14 13 175 145 115 215 222 205 223 63 122 175 73 198 70 177 71 211 91 96 87 198 75 75 166 138 127 86 183 3 240 221 197 172 218 166 0 0 0 201 144 91 243 124 122 185 156 175 121 228 14 83 84 242 232 112 216 168 227 72 89 106 238 110 117 142 24 172 38 29 1 250 0 0 0 33 231 101 104 85 66 58 12 50 80 205 228 64 24 173 240 101 56 39 48 88 109 88 169 211 74 96 122 180 181
236 174 68 169 67 178 190 86 53 135 34 241 31 189 113 125 222 23 153 164 251 95 117 47 165 202 155 242 205 10 146 185 137 170 97 163 111 138 228 0 0 0 0 0 0 0 0 0 0 0 0 0 0 0 0 0 0 0 0 0 0 0 0 0 0 0 0 0 0 0 0 0 101 178 104 0 0 0 0 0 0 0 0 0 123 193 77 211 167 6 235 8 15 82 59 225 188 152 133 33 110 54 18 83 97 214 198 61 79 247 155 143 204 21 188 108 100 0 0 0 1 122 131 20 211 232 138 248 231 35 87 242 208 204 137 55 21 191 230 127 60 242 33 107 17 243 155 26 94 50
184 17 227 79 119 181 21 50 246 150 115 87 254 233 239 41 99 16 146 188 30 148 119 16 167 68 170 97 181 170 67 90 139 204 93 220 1 61 26 0 0 0 36 168 119 231 36 154 85 211 156 233 88 134 122 12 165 219 6 41 104 40 31 232 187 211 165 81 53 236 191 229 32 30 90 236 40 118 30 152 22 0 0 0 97 216 188 80 188 105 28 8 137 162 65 147 233 151 7 82 241 11 166 241 218 254 185 65 156 115 105 52 189 33 199 240 6 0 0 0 58 253 249 217 235 250 59 199 153 2 142 239 189 30 238 43 102 152 8 252 167 166 98 68 1 75 118 24 119 91
122 14 230 95 89 168 182 199 144 40 66 113 85 151 114 160 72 252 5 126 39 212 150 15 84 158 27 170 2 24 178 67 100 36 215 165 130 53 87 0 0 0 91 67 142 138 252 17 16 11 153 187 50 216 108 23 29 39 188 215 166 65 149 149 179 135 99 65 116 107 225 86 71 82 43 25 121 181 158 195 236 0 0 0 23 211 134 189 37 181 167 160 231 57 203 188 214 205 53 59 84 188 217 247 54 230 209 39 181 122 72 215 7 222 207 220 98 0 0 0 160 138 1 115 24 35 40 86 233 252 12 142 2 155 90 6 73 134 208 206 237 61 244 246 37 218 186 69 244 196
245 141 78 210 168 217 120 79 109 82 212 13 111 59 20 122 224 134 168 137 97 94 11 19 137 8 201 114 188 152 37 24 53 217 208 184 106 166 19 0 0 0 24 106 190 53 103 226 85 21 223 138 161 238 233 217 178 234 23 11 49 132 250 164 243 249 58 205 225 189 211 37 8 144 189 60 41 6 161 199 69 0 0 0 97 34 13 81 15 98 209 19 84 187 17 191 51 61 1 161 96 83 207 116 79 154 101 105 155 128 8 66 199 51 143 139 244 0 0 0 186 189 192 67 163 141 117 125 151 243 46 50 59 4 68 6 86 149 48 246 106 29 136 179 216 160 106 186 223 16
231 244 94 124 76 184 1 81 159 92 224 232 6 236 190 85 208 201 244 235 221 64 32 151 6 3 221 23 61 118 73 37 188 90 6 235 167 199 234 0 0 0 117 235 121 153 178 149 45 47 27 35 101 84 247 26 145 221 221 142 107 80 251 237 3 32 81 71 55 14 127 245 113 199 140 245 192 108 90 30 51 0 0 0 136 216 74 85 96 178 52 247 71 93 94 65 86 218 7 59 98 40 44 120 8 127 24 247 144 203 65 74 106 251 75 122 129 0 0 0 148 53 8 212 137 40 195 140 137 254 196 150 97 230 46 165 30 113 97 181 237 89 34 162 186 251 160 31 120 147
131 55 193 60 187 170 77 30 85 202 245 112 135 62 147 106 140 24 184 164 30 238 171 32 50 166 85 221 68 138 134 103 41 37 115 83 43 119 242 0 0 0 30 145 150 175 9 226 223 141 98 57 225 74 104 10 12 94 168 135 213 78 97 110 155 59 225 182 68 234 182 84 154 105 106 75 144 104 118 29 176 114 108 163 40 110 129 178 179 80 197 171 155 197 167 95 75 110 211 43 220 109 145 85 31 162 135 203 69 215 114 181 57 240 36 62 122 0 0 0 64 58 177 135 79 4 181 240 209 15 107 250 114 247 171 85 147 221 129 64 177 106 129 235 160 204 157 12 67 203
53 246 78 58 171 160 71 134 226 101 248 151 187 8 28 246 71 42 243 175 120 220 195 35 60 213 42 167 38 96 227 253 131 230 45 252 183 127 116 0 0 0 190 96 133 21 46 247 42 174 20 76 243 16 185 130 26 15 102 66 100 253 206 31 153 95 226 71 162 141 20 86 168 11 22 104 246 26 102 140 141 0 0 0 88 96 45 55 6 9 109 180 104 3 83 91 128 179 215 211 240 7 28 195 116 16 180 175 21 108 110 233 78 16 89 75 197 216 76 22 32 169 179 184 229 115 119 234 157 147 40 69 176 148 178 65 234 52 218 189 54 114 153 134 10 252 99 118 135 4
0 0 0 0 0 0 0 0 0 0 0 0 0 0 0 0 0 0 0 0 0 0 0 0 0 0 0 0 0 0 112 207 38 0 0 0 0 0 0 0 0 0 177 113 62 174 86 229 75 141 74 41 18 201 22 119 56 182 171 127 32 184 177 17 157 234 229 241 91 168 121 70 223 67 168 5 17 29 240 58 138 0 0 0 150 203 216 100 60 145 188 73 245 74 82 37 199 157 40 83 130 62 11 82 226 230 205 191 108 7 132 107 65 219 160 50 30 0 0 0 23 238 166 202 16 130 232 73 95 221 39 57 67 5 234 173 122 159 29 80 250 204 94 25 87 193 146 6 142 132
235 245 43 109 59 192 123 49 9 252 252 204 166 153 122 3 15 70 66 70 219 0 0 0 145 172 188 148 111 189 226 81 45 170 97 207 16 52 187 0 0 0 142 221 210 11 124 163 213 23 203 65 24 230 144 73 250 24 18 191 224 201 231 245 81 43 141 142 55 144 97 214 3 179 183 170 253 220 155 72 223 0 0 0 51 31 55 101 28 5 76 37 26 85 201 77 190 133 127 221 111 101 46 233 1 156 246 102 146 93 34 227 8 153 223 17 120 0 0 0 89 87 43 150 250 135 133 162 68 219 9 203 85 24 95 114 185 230 41 48 170 57 87 102 174 136 66 187 97 162
14 108 179 246 203 225 238 205 238 180 195 54 52 159 178 46 138 127 234 98 181 0 0 0 152 188 32 151 75 70 92 33 245 207 113 246 28 151 247 0 0 0 208 235 196 200 241 211 218 45 141 77 104 129 224 128 146 104 204 90 192 73 57 74 55 189 159 128 14 231 227 59 220 45 95 9 45 206 118 250 187 0 0 0 31 87 21 80 104 19 18 200 12 242 137 123 159 181 39 94 185 189 43 198 206 238 117 172 32 178 176 90 52 199 35 169 43 0 0 0 179 84 210 148 222 215 167 12 176 199 81 115 115 60 217 253 164 225 12 187 141 20 146 206 159 249 161 76 136 173
81 16 210 126 211 5 97 23 204 249 227 138 9 74 131 254 242 203 39 193 154 0 0 0 49 122 38 254 198 205 243 32 224 88 132 5 204 201 99 0 0 0 75 130 163 189 29 57 28 10 174 29 71 131 122 140 241 220 8 76 34 146 65 2 148 68 95 10 14 45 115 84 120 116 46 46 177 162 252 237 162 0 0 0 235 19 34 50 150 214 25 118 171 192 104 72 201 77 109 183 120 7 188 97 69 72 48 41 237 25 108 19 17 125 127 162 111 0 0 0 95 197 59 87 165 94 28 38 179 45 141 210 244 248 55 243 10 221 60 3 21 158 108 15 191 168 102 46 146 185
56 79 108 132 58 41 13 138 26 23 33 164 94 239 206 60 14 171 73 200 174 0 0 0 50 226 182 3 28 22 187 245 218 200 187 68 145 161 78 0 0 0 250 206 166 211 10 121 167 234 81 11 120 225 23 144 124 106 251 61 9 154 75 27 30 53 64 137 28 73 237 215 214 107 19 129 94 59 88 223 155 0 0 0 60 161 76 61 50 21 100 115 1 126 207 170 130 30 142 24 55 113 231 58 137 91 8 107 229 249 150 179 220 81 240 225 118 0 0 0 233 76 116 219 223 143 78 69 95 89 9 111 32 5 239 7 238 36 119 30 94 158 138 236 21 253 31 118 104 183
97 21 73 243 241 99 85 142 33 75 147 228 241 116 107 135 186 110 44 6 169 0 0 0 248 43 236 23 150 15 237 35 198 199 238 212 64 123 122 0 0 0 0 0 0 0 0 0 0 0 0 0 0 0 0 0 0 0 0 0 0 0 0 0 0 0 0 0 0 140 243 102 0 0 0 0 0 0 0 0 0 0 0 0 0 0 0 0 0 0 0 0 0 0 0 0 0 0 0 0 0 0 0 0 0 0 0 0 0 0 0 0 0 0 0 0 0 0 0 0 70 62 8 186 163 146 33 109 124 191 60 245 254 87 177 33 4 86 98 174 23 209 102 186 219 103 60 5 24 155
5 179 159 69 166 187 168 228 126 152 8 205 11 105 146 48 252 84 250 9 82 0 0 0 92 72 126 219 43 227 193 128 72 93 83 102 89 119 224 0 0 0 72 146 195 243 128 60 212 98 170 1 208 27 87 178 51 64 128 99 72 30 201 133 16 46 35 47 246 62 159 44 48 147 33 92 160 52 31 218 139 109 123 13 151 3 6 20 88 41 249 70 46 0 0 0 42 108 33 45 163 212 40 40 230 144 71 93 109 232 200 212 253 131 98 148 173 0 0 0 115 254 60 164 189 39 150 196 174 62 106 58 126 52 121 237 237 37 182 229 21 64 40 57 61 110 189 41 240 252
155 124 127 80 132 215 199 82 19 116 43 201 124 73 114 248 43 54 11 231 69 0 0 0 172 172 94 170 115 136 164 201 150 43 153 9 175 172 236 0 0 0 222 1 9 225 230 9 178 169 117 87 50 156 141 19 212 171 219 47 225 76 164 78 53 162 134 24 23 245 142 32 129 233 221 188 32 219 166 200 223 137 8 49 114 141 252 88 151 151 10 215 2 0 0 0 131 165 74 233 38 29 250 71 216 4 60 237 47 3 138 78 204 177 3 21 19 0 0 0 217 111 123 159 192 21 154 125 25 112 173 91 137 211 171 142 117 54 86 38 98 65 223 113 11 31 84 94 190 118
170 136 39 205 200 76 87 204 105 237 34 200 142 168 143 232 118 146 195 217 183 0 0 0 168 142 91 15 115 79 176 186 19 161 75 193 133 182 100 0 0 0 8 11 215 189 11 16 116 137 85 1 116 230 83 203 92 221 1 229 164 232 70 170 201 126 165 215 189 120 138 119 25 231 35 39 242 210 5 79 114 174 173 61 73 73 160 148 216 214 211 242 22 0 0 0 98 37 150 86 9 127 105 14 111 168 127 34 170 48 116 143 91 9 81 101 109 0 0 0 225 51 231 128 122 29 132 68 41 92 137 138 64 146 178 94 193 161 170 143 45 252 183 247 215 57 71 30 41 157
68 23 104 186 192 207 243 148 207 177 107 16 107 80 217 64 221 176 22 134 211 0 0 0 172 64 80 88 131 94 232 215 24 36 101 83 185 60 139 0 0 0 85 243 184 11 33 62 92 151 147 165 236 100 138 13 223 194 72 187 246 200 91 181 98 168 149 239 230 112 64 191 42 43 23 207 54 92 188 7 237 250 35 218 73 84 232 214 84 126 88 29 250 0 0 0 137 25 207 40 220 57 201 147 133 148 123 47 65 94 130 131 185 29 41 109 175 0 0 0 215 201 247 237 155 43 142 227 42 199 28 100 209 44 41 90 89 153 126 249 76 120 142 89 216 143 206 127 134 42
62 155 150 224 104 114 167 20 114 118 228 233 201 76 185 171 10 78 164 42 71 0 0 0 133 38 88 142 126 38 19 221 35 62 145 127 85 230 232 0 0 0 2 2 211 63 36 77 61 93 26 57 153 133 130 89 5 247 16 100 178 163 152 145 1 245 71 28 4 159 243 147 161 251 103 225 204 142 212 117 91 42 96 72 252 250 61 105 240 127 54 192 169 0 0 0 226 137 177 117 218 142 91 22 6 12 15 16 122 146 16 177 56 12 135 169 221 0 0 0 141 199 12 124 117 197 171 112 179 182 115 83 90 2 176 212 10 118 88 198 109 223 121 15 115 87 29 169 182 217
26 249 251 37 68 83 104 174 78 92 88 109 188 238 240 201 229 109 108 14 123 0 0 0 102 164 200 30 178 85 105 8 229 8 31 226 202 3 84 0 0 0 16 53 75 96 140 190 172 138 61 197 159 112 16 1 196 151 196 231 196 226 78 201 5 96 158 218 56 151 12 184 13 108 197 56 191 180 1 95 149 87 145 222 48 53 123 28 94 75 149 63 96 0 0 0 183 83 188 49 175 50 113 113 55 14 72 74 242 72 179 243 214 232 199 74 38 0 0 0 180 204 127 102 54 201 220 34 252 142 102 221 36 28 183 46 136 37 147 45 75 210 57 34 149 247 84 194 190 80
144 52 107 208 219 112 52 12 7 63 208 54 128 151 88 96 223 209 63 207 187 0 0 0 51 184 8 1 44 8 132 159 167 148 183 134 124 64 119 0 0 0 131 19 86 109 95 232 235 124 106 226 63 54 154 165 189 203 193 1 186 5 37 12 82 232 24 245 205 164 109 50 146 195 85 101 52 193 71 128 180 220 252 113 40 123 52 202 19 47 244 109 96 0 0 0 194 189 32 104 227 129 51 121 218 47 56 62 194 219 172 128 45 121 221 71 163 0 0 0 11 250 208 132 37 165 17 229 151 223 14 43 220 196 166 11 31 204 156 198 185 251 8 249 174 115 234 112 77 211
190 145 62 11 155 180 23 51 33 161 123 18 72 178 94 190 190 2 121 237 138 0 0 0 136 38 18 212 119 65 190 163 122 205 19 137 197 109 253 0 0 0 204 149 217 204 213 182 22 98 28 200 193 169 184 200 169 116 144 37 157 38 254 23 25 224 76 225 227 134 114 36 202 19 160 134 15 163 230 243 70 75 76 140 25 117 133 105 116 159 112 114 143 0 0 0 145 166 184 112 13 81 110 126 132 77 136 17 16 124 156 36 21 129 239 219 33 0 0 0 213 212 14 220 234 158 166 252 173 149 134 29 116 92 44 60 154 69 174 70 95 119 48 39 242 128 75 168 40 199
248 119 180 242 197 1 122 80 217 240 246 246 63 236 33 45 249 116 15 228 65 0 0 0 6 121 250 30 219 132 22 232 52 230 183 125 216 45 238 0 0 0 0 0 0 0 0 0 0 0 0 0 0 0 0 0 0 0 0 0 0 0 0 0 0 0 139 7 186 0 0 0 0 0 0 0 0 0 0 0 0 0 0 0 0 0 0 0 0 0 0 0 0 0 0 0 133 229 24 128 218 215 244 209 159 105 169 32 196 166 111 134 38 152 125 85 5 0 0 0 170 203 29 237 103 115 133 15 98 20 234 141 196 21 134 217 121 33 118 20 244 248 161 81 46 110 181 4 15 200
20 221 117 95 50 154 227 43 169 156 160 234 197 152 25 117 204 203 154 11 35 0 0 0 145 108 181 155 186 49 38 28 129 94 249 189 33 198 162 209 77 31 168 207 206 52 46 28 250 233 72 251 47 150 249 167 250 231 161 139 211 239 252 186 105 47 171 175 26 146 195 56 52 3 120 14 30 254 202 184 229 80 82 203 6 57 115 3 226 72 148 86 50 0 0 0 170 55 187 48 238 102 132 51 206 53 45 17 110 194 86 184 233 229 2 212 143 0 0 0 102 96 235 53 250 13 225 86 138 243 12 165 115 22 204 69 192 19 35 149 166 212 211 10 124 64 36 122 243 165
51 233 110 189 27 127 214 247 210 139 123 251 208 156 150 248 139 11 11 144 118 55 251 36 10 24 15 56 122 253 201 61 247 54 82 4 139 103 133 0 0 0 157 105 92 203 216 243 120 231 139 8 176 248 211 81 178 141 104 44 94 74 219 207 159 239 125 119 187 78 46 182 23 104 43 140 158 196 119 229 197 164 222 202 220 33 174 239 23 81 192 134 114 0 0 0 72 252 10 192 206 54 37 3 20 40 23 189 126 229 38 117 67 195 127 244 252 0 0 0 146 99 170 28 130 19 115 80 116 145 77 52 197 40 20 78 84 252 58 216 176 225 49 225 15 25 73 136 76 193
196 136 31 25 239 233 47 221 133 118 49 183 194 120 159 121 181 117 203 97 106 0 0 0 190 118 204 204 198 68 136 174 13 19 241 170 182 160 181 0 0 0 107 111 164 104 58 9 6 108 166 76 227 191 233 5 85 180 142 188 172 83 123 74 236 48 61 108 102 71 107 15 222 198 89 83 31 207 79 84 239 45 180 129 218 126 173 221 101 184 231 211 123 110 86 190 186 93 105 13 145 121 157 191 173 13 148 171 242 156 79 231 10 59 96 112 211 0 0 0 7 118 53 81 175 62 114 246 68 150 213 100 16 160 104 206 174 240 202 157 137 119 39 129 193 58 191 63 169 180
22 173 174 163 85 147 194 139 52 32 23 202 166 155 11 246 235 223 33 110 35 0 0 0 46 239 160 180 215 42 220 69 91 158 235 19 241 227 180 0 0 0 60 72 78 11 106 164 62 250 72 196 147 209 204 220 145 168 146 90 116 60 236 50 5 58 119 104 200 181 217 38 113 3 93 135 247 240 41 187 38 200 1 4 126 191 146 194 221 2 74 232 97 0 0 0 101 61 124 117 165 110 2 235 73 95 71 142 19 238 144 128 48 116 63 27 241 0 0 0 218 13 91 32 20 36 222 114 11 173 80 136 21 251 205 103 137 133 161 99 177 153 207 167 194 197 124 29 205 131
59 69 240 21 77 188 251 180 63 246 192 213 114 170 188 77 151 156 118 251 245 0 0 0 112 193 155 47 109 183 238 126 208 180 156 203 39 196 225 0 0 0 239 86 106 71 41 102 220 233 199 113 133 132 160 196 171 138 119 252 199 12 22 132 148 177 153 25 158 140 195 14 174 199 221 249 253 82 117 243 218 187 210 41 56 231 23 4 135 1 43 97 154 0 0 0 101 213 91 209 38 81 25 184 54 204 38 180 67 190 83 75 32 11 118 42 153 0 0 0 53 243 166 214 31 37 19 209 218 48 201 120 145 195 196 177 239 4 75 130 91 139 201 53 73 232 40 191 19 63
41 142 22 62 196 26 141 87 130 166 97 223 42 186 124 67 171 14 254 97 253 0 0 0 95 131 144 206 68 28 211 37 40 243 97 34 33 253 206 0 0 0 101 223 135 142 224 245 178 99 24 188 250 23 183 163 1 183 43 176 172 137 141 162 91 132 76 76 65 32 53 182 235 51 151 41 252 14 15 214 174 42 186 106 245 113 52 25 249 34 45 2 236 0 0 0 184 131 222 130 249 231 40 254 52 66 254 38 248 141 216 149 114 208 188 218 199 0 0 0 253 41 64 199 83 191 19 125 6 149 70 140 123 211 108 201 218 34 209 243 61 32 41 76 186 4 107 155 32 243
24 57 124 170 204 211 171 51 250 225 200 24 46 96 242 169 205 243 212 238 57 0 0 0 186 10 45 23 217 117 121 38 115 79 89 189 133 240 91 0 0 0 225 191 25 145 187 132 101 181 231 250 161 62 48 174 65 220 146 121 133 202 115 205 75 232 120 116 165 86 136 170 234 46 141 109 202 220 65 237 150 105 181 168 158 241 14 239 162 193 241 77 209 0 0 0 212 129 16 202 92 182 104 83 164 171 233 17 211 162 117 133 123 223 85 52 153 0 0 0 167 47 126 217 219 14 234 174 99 30 246 231 52 101 152 5 156 139 197 239 151 80 158 22 128 177 241 115 42 111
204 188 24 151 25 95 40 227 78 108 4 23 160 213 94 70 89 69 99 95 20 0 0 0 57 191 188 31 86 209 119 80 177 218 14 89 146 140 180 0 0 0 13 103 85 79 214 246 216 148 197 226 4 177 216 37 95 246 93 17 106 102 206 106 194 24 214 177 247 82 117 92 14 252 204 88 187 253 203 222 218 250 136 128 153 77 237 22 222 177 89 84 163 0 0 0 157 85 88 150 194 163 21 103 15 92 247 252 247 145 196 182 199 18 148 123 225 0 0 0 202 134 27 56 134 82 241 15 30 196 216 126 26 75 27 228 242 150 241 128 119 142 144 94 182 40 86 143 66 250
0 0 0 0 0 0 0 0 0 0 0 0 0 0 0 34 232 179 0 0 0 0 0 0 0 0 0 0 0 0 0 0 0 0 0 0 0 0 0 0 0 0 0 0 0 0 0 0 0 0 0 0 0 0 0 0 0 0 0 0 0 0 0 0 0 0 0 0 0 0 0 0 0 0 0 0 0 0 0 0 0 0 0 0 0 0 0 0 0 0 0 0 0 0 0 0 0 0 0 0 0 0 0 0 0 0 0 0 0 0 0 0 0 0 0 0 0 0 0 0 222 175 230 207 127 94 199 61 207 65 57 32 190 2 200 136 47 69 146 102 45 105 115 30 160 245 158 81 156 70
42 26 222 150 194 65 224 214 5 251 30 128 31 208 249 158 102 75 0 0 0 73 5 215 45 220 143 115 156 202 170 15 120 156 247 72 171 125 42 169 57 165 252 196 35 114 20 248 239 201 226 252 128 186 243 140 50 163 181 43 201 120 51 182 42 23 245 96 36 104 38 139 3 25 240 125 71 126 199 11 221 62 207 43 193 113 239 66 234 19 208 31 176 129 49 198 115 76 141 134 41 175 195 94 123 145 8 200 170 198 48 14 232 67 206 142 189 0 0 0 228 38 97 247 118 160 236 227 77 30 233 23 200 99 16 52 129 63 196 79 40 45 21 58 126 123 146 125 164 3
52 211 166 195 44 210 62 143 127 51 144 38 207 18 253 170 212 225 0 0 0 119 186 226 68 58 50 154 219 199 150 244 171 5 101 30 8 245 160 39 89 138 77 127 138 233 173 239 171 242 154 99 142 144 184 167 48 222 58 88 169 128 99 11 115 6 75 105 198 95 215 30 3 58 98 211 220 31 177 124 110 180 205 201 208 224 149 97 162 197 197 59 92 204 48 210 74 164 107 153 83 219 84 177 119 88 62 109 196 70 253 225 117 83 126 123 89 0 0 0 189 51 23 237 249 224 70 36 117 19 250 177 30 152 174 63 254 122 110 231 145 232 211 128 3 172 129 213 239 50
71 30 186 81 65 222 244 168 242 92 78 69 10 136 143 254 100 28 0 0 0 51 105 217 152 49 70 208 244 219 70 79 65 39 101 37 153 176 230 195 226 120 114 2 198 48 87 201 204 55 59 171 172 221 81 118 103 65 60 237 199 9 1 243 97 43 171 190 221 162 56 246 65 68 111 109 59 32 81 252 187 116 181 198 35 76 112 84 142 90 252 164 211 174 228 114 23 96 3 88 164 23 207 64 224 67 204 142 110 119 95 201 100 182 203 2 184 0 0 0 221 54 79 201 220 135 217 61 127 225 201 16 5 244 30 218 53 188 46 94 122 63 239 155 179 215 10 56 225 163
183 88 178 89 44 97 89 79 89 4 243 17 179 101 202 46 122 65 0 0 0 251 197 92 172 117 229 29 38 84 48 252 102 37 175 32 129 55 151 206 38 110 183 233 212 159 204 19 5 159 35 60 93 69 42 241 43 209 99 21 39 232 17 214 192 162 71 238 143 8 28 4 183 39 40 141 125 104 126 246 140 167 149 72 236 250 74 164 195 115 101 56 205 35 164 168 93 174 111 57 9 186 98 93 248 235 198 174 70 161 88 242 133 98 172 104 65 0 0 0 168 42 204 15 122 85 71 66 73 61 149 15 163 47 103 81 74 182 78 72 112 185 132 233 100 224 83 3 192 156
231 69 37 108 98 50 58 178 209 153 102 208 241 1 195 164 91 231 0 0 0 77 132 249 97 77 15 53 56 66 196 35 50 115 64 150 43 155 103 110 175 238 238 100 247 60 118 96 157 101 174 214 119 8 69 193 184 42 241 20 241 158 208 224 226 111 9 238 149 155 195 208 106 152 226 119 90 44 14 65 164 246 251 128 243 234 3 25 77 145 246 163 9 50 140 76 79 133 216 158 99 171 120 141 62 166 202 123 178 49 20 62 215 83 28 121 100 0 0 0 215 166 70 150 72 232 113 244 181 226 165 173 224 201 1 78 35 253 140 101 112 97 158 233 120 182 4 49 4 16
140 134 42 94 212 96 75 135 129 231 149 136 163 106 8 76 1 51 0 0 0 63 128 106 189 8 178 19 165 234 101 115 42 118 197 175 4 214 232 100 46 140 16 192 26 186 197 196 181 202 231 230 125 133 114 18 239 136 30 114 149 151 133 76 21 191 178 46 237 221 113 88 130 138 149 75 237 157 56 10 160 48 134 172 55 112 254 122 19 6 179 134 34 29 104 83 19 186 126 90 208 28 84 16 232 158 183 126 127 29 234 176 77 148 235 149 209 0 0 0 77 232 227 2 128 207 247 163 28 200 197 49 48 160 103 45 96 217 34 199 51 57 57 128 81 13 159 84 139 113
138 60 120 76 32 93 92 108 145 153 112 116 187 167 145 123 161 78 0 0 0 68 5 190 98 61 210 97 20 116 208 224 234 131 81 67 243 210 155 101 98 36 18 61 127 161 239 26 89 221 18 158 169 194 194 141 134 165 245 171 77 5 31 16 186 56 137 66 14 173 197 24 233 42 75 246 129 145 12 141 22 111 119 116 134 6 28 187 48 190 140 210 202 206 209 122 237 34 47 67 21 230 30 236 148 201 184 23 60 75 136 108 211 126 70 40 176 0 0 0 50 75 29 76 81 195 145 90 230 174 29 204 37 217 71 161 95 247 163 28 152 211 27 58 21 185 213 212 156 8
18 144 191 115 252 102 51 82 143 189 128 124 46 75 39 192 245 69 0 0 0 147 229 215 184 137 101 105 190 95 131 222 167 109 84 44 126 19 237 249 5 196 247 224 134 81 60 201 219 121 151 178 34 230 197 5 171 252 202 144 16 2 30 196 248 98 126 42 179 9 105 226 121 165 212 152 221 113 248 44 16 130 93 63 195 79 240 217 168 97 22 187 95 1 195 134 190 84 109 55 23 68 230 6 249 208 227 216 85 33 79 110 64 106 155 102 7 0 0 0 141 206 27 186 49 57 144 236 229 1 219 196 77 137 239 197 55 84 215 170 95 8 56 186 173 105 90 149 90 236
223 224 180 20 247 37 140 56 227 71 108 168 157 47 210 93 83 58 0 0 0 154 150 170 209 149 117 87 217 210 221 185 162 98 11 159 191 163 59 144 245 84 110 125 32 68 15 12 71 22 11 114 214 185 230 163 66 118 186 161 242 148 23 122 146 11 6 125 220 190 24 39 87 91 66 231 25 242 237 222 113 139 188 150 142 113 95 236 178 215 180 184 157 172 172 219 190 160 22 97 241 254 113 148 186 193 251 5 237 93 165 245 174 133 89 243 197 0 0 0 194 72 229 27 208 67 41 48 159 196 102 61 194 209 178 194 18 39 200 99 87 95 180 168 201 8 55 153 65 145
233 63 139 5 70 91 133 17 249 46 180 114 173 45 23 223 141 65 0 0 0 100 67 23 75 145 252 35 78 169 234 31 169 148 76 236 121 222 246 158 83 79 31 151 19 57 75 205 79 85 28 200 155 224 103 223 9 149 214 33 241 113 188 82 25 227 68 26 252 156 38 137 207 40 156 226 119 14 80 18 157 103 132 75 163 203 29 174 204 158 239 213 231 175 170 55 239 247 226 101 152 217 16 149 66 168 111 49 117 52 42 242 81 183 158 83 81 0 0 0 176 140 35 84 137 52 213 92 242 247 57 187 175 246 169 202 93 122 98 44 17 197 82 70 250 55 184 114 193 136
116 65 182 94 121 98 187 100 46 150 66 150 128 163 93 39 2 101 0 0 0 0 0 0 0 0 0 0 0 0 0 0 0 0 0 0 0 0 0 0 0 0 0 0 0 0 0 0 0 0 0 0 0 0 0 0 0 0 0 0 0 0 0 0 0 0 0 0 0 0 0 0 0 0 0 0 0 0 76 154 58 0 0 0 0 0 0 0 0 0 0 0 0 0 0 0 0 0 0 0 0 0 0 0 0 0 0 0 0 0 0 0 0 0 0 0 0 0 0 0 163 248 252 211 219 159 168 108 126 201 115 95 237 203 216 252 207 129 176 7 69 229 163 139 20 59 68 82 79 211
103 163 208 133 32 166 231 209 246 4 188 236 245 58 123 152 187 85 0 0 0 172 111 175 194 161 231 13 146 207 48 195 56 219 3 152 129 171 169 189 250 58 227 15 33 152 112 136 39 229 147 94 66 108 76 212 125 35 125 91 146 149 134 69 146 216 17 24 153 104 243 67 149 33 171 194 109 252 106 97 66 60 130 53 174 193 34 223 230 212 87 125 222 31 231 207 250 16 37 96 114 4 235 8 102 11 56 6 26 194 46 239 43 149 187 240 118 0 0 0 182 171 70 50 87 106 233 243 95 83 211 135 121 187 90 41 8 150 84 134 92 31 182 174 37 4 125 237 163 108
82 199 173 115 174 173 92 129 121 208 216 33 26 56 2 147 106 173 0 0 0 230 145 8 139 215 10 70 127 238 130 35 157 200 129 1 147 217 17 95 230 84 197 67 51 3 187 23 202 192 90 179 54 253 127 10 218 195 127 142 50 226 145 88 145 96 84 220 162 104 198 93 172 2 112 66 219 105 195 236 166 191 196 211 221 43 36 205 254 108 152 173 76 165 118 144 178 194 86 114 178 247 117 253 230 165 228 233 56 10 185 27 3 77 136 119 228 0 0 0 97 129 245 21 224 74 71 173 86 132 230 175 43 228 167 47 200 209 128 63 219 35 108 214 64 37 112 82 60 179
232 89 239 110 14 94 156 250 31 13 193 84 76 206 86 233 197 28 0 0 0 68 18 59 243 41 219 156 214 234 30 135 65 226 26 23 82 72 246 199 206 205 86 99 35 150 166 40 93 83 172 140 16 32 8 36 160 115 50 57 155 252 21 55 12 229 215 230 127 117 156 89 245 57 103 201 247 5 185 121 89 81 148 226 1 166 105 67 77 66 45 75 82 223 148 75 211 31 148 231 174 9 44 26 251 203 131 231 74 124 54 137 180 219 38 55 238 0 0 0 179 193 178 26 246 9 153 143 219 118 177 23 9 114 204 105 120 31 21 20 213 227 140 173 206 249 155 222 167 110
78 59 129 196 83 36 195 170 247 63 219 223 91 170 246 193 70 121 108 188 230 114 201 161 47 139 182 139 96 161 236 131 176 4 154 137 223 98 28 56 148 52 236 2 48 46 35 47 45 161 232 115 33 54 21 176 186 200 192 113 173 201 3 223 56 146 13 14 150 193 151 168 160 167 213 44 204 102 139 127 74 196 168 136 202 106 183 52 147 126 43 45 78 237 98 220 185 23 225 112 161 140 228 250 226 225 72 133 227 247 81 43 172 192 167 230 3 0 0 0 216 116 207 104 24 69 214 64 229 170 252 83 174 185 151 21 138 52 113 195 101 99 35 56 35 91 13 134 81 93
13 148 201 141 115 24 44 209 168 31 49 121 135 81 226 151 27 210 0 0 0 50 22 172 17 214 218 162 120 227 227 158 254 172 230 101 51 184 227 221 26 212 39 49 54 170 137 158 173 24 39 127 139 183 105 96 162 82 186 116 190 227 241 9 230 72 43 66 61 55 47 154 126 128 209 81 91 62 84 133 59 226 121 63 120 97 246 125 18 120 162 153 155 176 252 235 2 208 141 238 114 110 24 240 53 3 19 42 64 212 241 86 50 25 69 63 177 0 0 0 40 65 249 162 83 20 52 209 174 63 59 115 199 51 22 240 246 22 239 46 90 239 140 34 162 71 134 66 52 83
35 166 128 83 98 153 143 49 180 19 33 76 38 140 251 20 199 40 0 0 0 125 12 47 108 4 49 235 110 156 211 14 206 248 62 11 164 36 219 27 219 108 220 195 193 88 182 42 108 159 112 31 230 168 58 251 116 209 203 252 90 226 156 122 115 83 75 171 183 178 197 33 93 161 12 29 193 243 36 240 208 170 156 93 16 37 140 91 251 84 20 149 165 237 242 94 204 190 49 30 16 3 77 55 54 94 104 69 219 105 237 170 61 66 57 136 192 0 0 0 89 3 96 244 113 64 64 77 116 149 27 68 33 83 217 47 93 87 124 80 162 28 68 52 145 153 69 72 213 26
148 129 67 99 31 30 123 165 34 90 153 113 4 45 69 60 220 13 0 0 0 124 178 63 50 172 193 40 35 158 237 19 64 80 132 185 170 83 212 109 186 182 252 205 74 221 109 24 186 101 122 117 181 223 252 3 228 61 181 144 186 120 245 43 84 179 214 106 225 198 215 17 223 178 119 49 17 237 198 243 158 161 10 187 53 131 191 76 168 252 243 193 173 117 48 200 52 247 194 172 179 253 53 173 129 105 103 41 242 225 218 77 183 192 14 121 36 0 0 0 119 53 155 159 104 231 208 117 228 86 63 250 55 177 103 15 41 28 115 229 36 104 204 132 179 150 129 22 46 22
