20 20
5 26 61 51 54 65 21 54 49 5 47 21 47 36 39 65 27 21 47 27 21 59 21 9 48 43 31 60 59 52 48 67 43 48 67 19 34 49 40 16 55 13 39 19 37 47 34 37 41 27 31 23 23 19 41 61 28 9 19 4
50 62 15 38 44 19 28 46 8 52 23 32 46 13 47 36 27 12 43 5 26 52 3 32 36 6 56 2 4 3 61 20 35 25 8 4 68 60 68 44 68 32 62 56 68 42 56 68 54 47 60 64 52 50 24 44 69 16 43 65
1 5 5 7 28 59 7 28 68 67 23 8 47 1 12 18 15 34 36 57 45 42 55 48 53 37 6 33 32 2 18 2 12 41 30 56 47 23 50 21 4 28 39 16 32 9 6 47 17 10 66 17 10 13 55 44 50 44 56 26
39 10 16 15 28 16 11 40 34 11 16 24 14 16 28 62 12 19 67 52 39 35 68 7 15 68 22 7 32 25 47 32 34 41 29 56 36 35 26 14 64 12 12 48 4 42 30 3 24 17 9 62 35 0 43 27 40 49 20 34
57 33 21 53 26 17 11 26 57 56 26 57 11 66 9 17 63 15 23 51 19 13 28 9 43 9 51 29 47 20 2 29 26 26 69 11 7 39 53 65 9 38 41 11 62 53 20 42 23 62 23 39 30 19 39 9 19 43 21 37
38 8 6 6 7 14 13 7 38 16 23 14 34 10 8 64 16 13 68 34 1 32 22 3 54 26 23 54 38 28 31 62 52 59 6 45 17 4 66 39 30 13 21 60 38 26 66 8 48 69 2 38 67 27 54 59 43 36 38 25
3 5 35 51 53 11 15 10 35 63 69 47 58 63 17 48 53 40 32 66 36 48 69 60 63 51 34 27 8 10 16 18 12 2 20 61 0 18 60 0 18 39 56 66 33 68 42 25 68 46 22 67 54 54 13 36 57 19 19 63
64 20 23 40 12 17 24 40 1 56 16 43 0 8 63 18 2 50 36 68 59 8 14 47 65 8 61 15 12 41 64 12 41 22 23 23 45 13 13 39 19 20 20 27 16 37 21 46 49 17 40 51 24 14 42 30 16 32 38 56
59 19 3 37 18 49 49 55 13 9 5 29 18 11 47 11 67 19 14 13 65 62 25 26 54 61 2 41 45 42 23 54 36 41 63 18 39 68 4 43 45 56 41 6 38 62 12 60 48 17 62 50 40 48 68 34 39 22 30 67
4 2 19 11 6 51 2 10 3 38 46 45 45 32 23 13 15 67 41 19 57 1 59 50 15 65 23 34 27 61 18 14 65 3 14 45 14 12 35 4 37 37 42 55 28 48 58 50 6 9 32 14 5 33 30 17 18 28 22 4
9 67 43 1 48 39 1 48 52 23 67 26 23 67 58 55 66 50 10 6 10 50 54 55 62 28 19 58 18 47 48 43 49 30 29 28 18 20 36 29 42 58 5 36 66 25 16 56 1 48 26 4 42 4 64 31 4 56 52 52
0 8 17 22 1 31 24 24 45 26 30 42 66 10 37 68 16 34 68 66 34 62 23 52 19 5 46 33 27 53 55 13 46 27 37 22 43 5 18 7 29 45 11 57 62 27 45 47 35 20 27 27 17 63 11 47 63 35 11 40
7 35 27 34 53 33 36 29 9 33 29 5 47 1 33 59 25 64 55 64 52 25 69 58 41 5 11 57 9 43 45 63 7 66 35 7 47 57 33 35 0 9 4 12 33 10 15 31 17 29 53 17 64 41 33 46 65 69 31 13
60 47 11 54 29 24 20 46 58 8 26 67 64 14 46 43 56 60 31 65 40 31 47 40 19 59 39 5 52 61 47 22 42 68 36 24 65 58 30 41 66 36 5 29 48 17 29 13 41 14 53 37 62 44 34 8 54 61 22 48
29 60 65 51 34 12 27 10 10 13 38 54 55 53 4 53 52 6 26 66 0 18 45 48 48 15 63 41 11 31 39 34 17 39 19 17 31 57 33 25 62 63 5 16 43 9 68 66 42 58 60 9 68 54 55 48 34 43 56 58
35 44 22 29 14 27 31 23 69 36 3 65 61 37 3 27 6 25 41 37 63 24 43 69 36 31 55 6 36 61 4 32 57 0 29 45 32 51 29 48 67 21 64 0 17 60 16 30 18 5 12 32 68 30 16 48 67 10 21 49
56 16 29 52 4 35 44 52 14 37 20 10 65 16 27 8 60 39 16 49 55 11 63 53 19 23 34 43 25 58 44 13 46 8 19 18 4 11 19 24 61 23 13 61 23 7 68 17 43 53 17 49 41 5 6 41 5 12 43 8
30 0 26 39 32 2 67 67 6 12 29 40 4 41 49 18 18 47 69 6 55 54 14 55 30 38 27 18 69 51 10 33 48 18 49 32 2 46 56 18 38 18 46 65 54 28 39 39 52 7 30 67 19 14 7 59 41 5 23 29
11 28 29 36 30 19 16 47 39 2 61 32 5 57 32 35 15 51 13 21 30 15 13 14 63 37 43 24 49 47 16 37 38 14 30 64 18 26 57 26 30 56 23 6 40 62 48 26 27 38 40 56 52 18 48 44 14 12 32 40
56 12 1 64 36 7 67 42 1 16 60 47 60 5 7 52 61 14 51 39 60 63 18 32 67 46 22 53 8 53 51 33 63 39 64 39 9 14 6 15 31 0 47 23 64 55 21 48 6 23 34 32 5 49 24 26 1 57 50 49
