1000
152 221 1 63 140 237
31 252 30 53 117 104
72 26 215 62 123 23
110 139 68 199 167 97
97 84 100 224 233 78
74 74 249 231 89 209
217 242 146 87 4 59
255 248 88 14 235 57
31 26 119 77 177 122
65 119 216 60 27 197
86 54 83 100 110 22
104 2 142 170 228 119
123 11 33 149 8 252
125 255 229 209 102 246
138 160 69 218 246 37
247 73 5 82 226 114
103 97 92 247 48 110
5 245 143 98 36 46
213 13 80 246 188 30
176 139 171 103 124 120
210 194 213 101 209 29
58 120 190 22 21 84
241 136 0 125 42 8
177 52 130 212 226 181
209 168 183 168 76 66
70 198 69 192 48 29
135 93 115 242 33 47
88 4 132 169 133 70
22 166 51 41 160 25
211 77 84 131 173 49
28 162 239 248 182 143
231 196 8 142 4 108
170 240 195 48 7 135
220 11 55 23 243 28
132 220 148 24 14 52
236 125 62 176 110 137
20 191 179 237 118 114
116 63 198 130 47 39
114 191 151 233 184 18
21 39 74 222 77 70
192 243 16 87 25 140
169 163 138 147 168 36
12 187 7 155 255 119
222 180 180 58 186 181
204 33 6 176 190 207
163 35 90 203 166 173
234 39 5 219 128 162
8 89 118 57 216 202
69 133 227 56 59 43
197 97 197 50 0 211
174 121 58 89 86 65
37 146 235 60 52 200
69 141 163 73 85 212
236 32 105 151 128 157
232 112 33 46 155 220
135 192 200 162 50 40
86 40 49 211 90 157
1 29 86 91 184 28
29 198 169 49 157 236
108 203 138 78 121 0
156 77 2 225 24 68
127 103 146 16 63 246
5 207 159 194 80 128
36 132 118 99 130 225
23 76 198 233 12 43
215 174 223 145 152 116
104 169 151 177 86 56
14 197 164 223 249 35
51 108 116 190 219 198
146 165 140 187 11 248
203 55 101 253 201 75
56 44 93 210 83 179
104 130 27 249 144 21
35 193 181 235 1 177
109 218 91 13 188 60
50 145 231 189 225 216
2 202 247 23 218 138
65 58 213 119 24 157
236 8 188 182 209 218
134 126 232 25 247 251
79 87 244 42 185 147
38 210 142 55 124 93
96 4 36 51 160 40
169 125 36 196 43 72
85 249 142 189 9 210
224 131 201 62 25 239
122 74 166 35 29 144
252 221 3 186 168 47
45 128 208 85 189 216
206 218 1 36 117 12
23 9 24 53 250 45
116 27 155 30 116 159
177 35 132 165 212 69
152 166 220 49 70 92
114 67 45 199 11 186
61 11 176 206 93 232
69 232 137 47 15 97
96 233 38 167 206 16
30 73 94 174 176 199
129 186 5 38 47 150
131 140 143 247 165 103
131 209 143 106 89 99
32 225 52 167 215 114
139 210 74 143 20 9
81 63 235 38 49 12
116 17 33 79 20 235
34 43 57 201 50 58
204 26 19 81 20 244
191 101 11 92 10 212
97 78 64 128 119 233
43 169 192 51 57 182
19 163 225 183 80 93
87 46 125 88 53 148
248 19 237 118 249 47
5 174 9 41 186 96
169 90 6 59 98 195
129 76 174 160 224 115
22 191 185 19 183 211
142 62 3 91 10 208
187 98 190 24 124 101
232 55 92 113 180 207
57 84 10 17 193 237
249 49 121 206 106 181
247 30 135 211 139 150
214 71 82 13 187 38
39 203 121 124 251 83
255 193 216 211 33 124
85 117 90 7 78 24
255 241 139 198 16 127
153 110 80 181 33 27
87 106 96 209 100 158
174 196 52 220 180 93
113 223 39 217 94 62
0 79 0 249 17 125
170 173 113 3 118 149
117 176 47 101 177 12
188 49 76 124 195 81
223 65 99 9 220 91
180 117 40 95 120 188
197 189 251 2 149 23
217 2 147 121 75 102
28 66 88 110 76 189
108 59 146 212 90 17
91 169 242 224 94 40
149 192 129 109 18 15
214 91 245 205 117 127
60 70 167 53 210 61
16 252 244 105 124 115
230 181 135 216 66 244
144 134 92 114 255 247
139 251 103 33 186 89
120 172 7 89 14 253
201 243 222 38 137 169
254 148 201 93 255 81
55 169 63 21 116 225
185 17 146 137 101 68
173 208 208 14 51 28
230 148 232 234 171 249
141 66 220 145 187 101
231 235 57 153 94 248
250 246 218 128 182 226
76 98 54 143 10 20
21 57 186 216 176 89
32 38 251 122 195 145
243 136 243 154 127 244
199 156 77 223 137 16
152 240 93 180 36 77
122 185 102 195 65 81
82 128 144 157 154 5
181 245 236 124 110 9
235 212 13 107 88 127
118 10 46 170 57 247
147 18 171 235 235 95
145 26 35 253 95 177
34 210 143 10 42 64
40 189 196 70 172 248
138 242 49 120 228 210
72 10 77 124 170 248
205 193 186 126 107 237
55 136 46 215 142 87
93 57 154 68 231 237
2 181 80 215 148 215
179 123 17 248 175 75
184 64 138 202 23 247
104 46 22 136 199 177
244 77 174 100 69 187
20 181 227 86 134 8
247 36 13 106 64 151
158 158 41 162 198 157
112 72 75 190 29 16
22 138 254 189 225 17
88 204 37 188 250 213
187 196 178 143 179 181
205 96 181 9 225 34
145 249 110 34 175 146
222 87 4 187 42 253
159 187 67 199 40 85
38 247 182 81 41 13
4 215 88 26 108 67
51 228 33 200 33 151
230 142 236 236 130 49
21 103 187 62 67 47
210 123 250 96 76 179
76 51 131 108 177 170
92 235 15 59 44 252
10 116 19 207 8 115
21 77 187 49 185 53
237 37 210 62 63 81
156 72 5 30 135 130
117 190 213 203 249 226
29 216 16 19 159 203
17 11 114 6 225 243
223 68 61 92 1 218
60 176 14 161 141 119
61 156 126 248 212 214
166 171 126 244 53 140
134 141 114 90 137 95
12 253 154 66 162 211
238 155 245 100 159 211
142 100 237 242 80 197
64 43 19 0 120 159
164 216 102 55 134 35
5 143 103 105 29 131
164 34 242 242 51 206
118 45 223 0 147 25
121 12 128 28 140 128
40 49 151 131 200 75
247 30 174 20 232 139
13 20 29 51 231 81
97 72 170 80 130 195
159 157 5 45 101 23
252 143 167 35 148 62
151 4 200 191 104 154
213 133 16 49 188 4
70 34 61 42 227 163
218 91 185 51 239 170
150 248 130 96 211 95
25 6 147 29 152 99
57 91 244 114 220 68
91 220 213 98 54 51
176 89 102 73 165 54
52 244 21 106 5 184
89 6 125 32 232 1
168 77 193 210 227 35
105 194 61 232 210 114
230 221 141 147 187 69
201 218 186 243 210 72
16 0 39 29 109 171
74 216 181 93 158 243
130 221 66 184 254 186
197 191 205 71 224 250
191 229 162 91 191 175
121 238 128 111 144 108
16 255 17 162 139 177
127 20 46 127 134 31
159 225 185 130 74 31
167 58 53 112 248 131
103 86 15 44 62 69
118 64 1 63 205 242
59 195 168 116 114 184
121 245 95 60 129 150
143 33 35 3 183 89
60 181 165 159 171 83
50 38 192 211 93 176
105 251 73 68 231 39
66 168 209 133 159 187
51 155 171 118 206 64
133 181 121 168 14 236
194 167 125 202 229 67
46 151 247 25 173 68
118 140 106 3 68 81
160 99 14 126 181 85
141 186 71 255 95 67
94 246 29 72 100 196
110 185 207 120 201 46
105 172 99 153 77 128
45 5 189 165 124 97
236 149 246 62 249 175
201 244 38 90 194 237
223 77 57 190 46 97
24 24 67 5 164 240
92 156 77 36 45 86
178 87 144 231 184 114
244 220 237 141 33 116
43 121 36 124 254 201
109 153 171 33 3 27
54 63 6 65 25 239
138 135 125 145 242 37
170 39 187 252 242 196
102 185 190 21 236 136
206 41 121 143 135 38
50 159 149 40 130 32
239 6 80 155 165 213
112 229 14 91 37 246
183 25 203 2 162 60
55 140 66 69 33 152
33 107 83 2 238 13
109 161 255 228 58 240
56 92 239 176 63 123
80 219 139 152 128 230
234 123 32 129 140 90
3 83 117 67 25 246
159 35 157 148 251 134
240 42 183 114 50 179
80 214 199 147 104 226
206 104 135 15 101 148
169 130 201 37 207 80
169 60 140 241 103 104
33 46 135 19 72 213
70 52 249 72 147 9
39 66 225 132 170 245
129 174 45 7 52 153
159 83 181 86 154 240
247 15 1 62 112 86
184 114 39 251 206 148
77 114 12 133 154 55
87 190 54 48 162 145
235 1 221 104 136 211
67 96 98 140 37 147
219 36 26 135 48 35
98 96 221 198 153 239
241 49 216 16 224 40
101 60 151 49 80 88
239 145 92 124 98 121
89 226 59 134 67 44
205 229 248 90 11 229
197 51 72 13 167 57
17 193 207 99 127 53
121 53 1 111 143 230
54 172 158 4 20 166
105 137 228 115 191 28
87 103 166 105 235 89
208 93 151 158 103 54
22 12 188 250 99 99
168 71 229 166 220 38
114 208 97 21 90 48
208 3 252 128 151 138
210 34 150 164 12 235
51 31 146 64 189 191
6 2 232 254 70 231
101 47 99 161 35 252
80 139 95 123 215 111
231 148 29 193 127 249
39 76 87 169 243 255
21 45 213 246 145 102
45 203 117 233 128 60
88 164 216 245 211 203
35 80 84 4 169 185
140 246 153 152 96 30
43 235 14 210 223 46
228 238 13 204 110 147
199 89 116 111 243 123
20 111 233 48 41 100
194 70 170 191 103 144
135 175 164 143 23 226
82 225 72 45 232 126
54 125 29 224 143 221
197 225 59 153 167 12
217 80 225 64 80 216
129 30 107 32 162 201
164 154 207 9 188 40
73 116 101 200 231 43
237 107 115 246 7 66
159 165 108 210 233 222
37 45 214 113 13 124
252 24 159 211 154 38
253 206 9 245 1 13
3 243 42 118 84 106
232 185 39 31 129 40
173 17 200 83 143 87
92 123 200 106 13 55
228 128 44 147 163 253
194 5 78 148 117 213
248 189 242 86 38 238
207 139 191 59 86 212
143 176 191 103 44 234
206 224 107 49 233 73
30 65 213 105 164 88
131 14 93 93 27 230
240 53 127 39 51 212
184 111 232 31 217 87
103 0 157 131 84 170
59 78 155 210 8 201
16 208 180 225 205 65
79 105 17 250 235 67
146 197 199 160 207 44
234 72 15 212 46 45
161 240 34 133 112 153
194 79 161 35 209 189
113 165 69 253 212 38
157 248 190 241 111 72
126 84 138 160 203 60
133 185 129 125 8 91
237 255 201 37 192 42
217 87 146 127 242 52
175 66 112 105 103 224
68 219 185 193 246 246
124 14 190 110 236 115
26 122 126 170 166 55
15 197 94 63 214 196
222 119 168 9 77 76
200 64 196 147 193 200
218 54 7 112 139 211
121 95 9 141 26 149
246 34 23 198 123 65
251 51 42 131 183 197
114 226 191 49 237 201
86 13 22 127 56 136
160 224 36 55 22 235
182 52 84 4 183 108
98 244 143 108 89 161
158 112 33 88 221 142
184 28 248 123 254 135
116 41 97 203 79 6
169 108 236 251 193 210
154 49 126 10 113 96
45 160 7 160 213 95
7 109 247 69 223 11
22 91 170 254 200 228
78 6 105 47 58 81
194 156 172 118 49 215
26 174 121 87 91 175
232 125 119 246 28 63
199 106 228 169 175 39
127 245 251 132 48 171
48 214 219 2 25 225
42 136 244 167 62 66
133 108 36 149 187 131
225 138 204 121 219 68
181 165 150 87 29 59
247 189 207 202 211 198
222 120 71 99 179 126
125 165 236 103 71 96
1 82 25 48 36 152
208 213 170 72 116 151
122 56 73 220 138 235
40 83 82 150 119 211
98 186 151 13 95 77
255 142 119 204 198 99
160 167 154 204 11 134
88 185 139 170 170 147
167 169 59 220 164 166
112 168 99 111 34 21
45 243 180 195 118 18
88 157 241 240 255 231
27 137 117 201 22 90
66 106 103 219 202 169
27 194 168 145 220 1
133 135 111 208 253 107
25 186 130 109 159 158
44 72 200 11 240 235
131 117 223 113 23 201
65 2 28 12 107 27
118 55 167 231 101 30
193 124 7 81 112 216
235 141 168 36 142 52
243 148 252 201 81 38
218 51 171 234 121 121
223 78 192 30 232 201
181 85 50 99 240 99
165 244 241 154 61 212
138 121 104 15 88 128
118 19 225 255 80 183
255 180 83 138 113 163
252 182 79 132 241 129
236 184 109 217 16 177
214 151 122 18 98 231
32 206 243 217 224 37
141 82 207 87 51 132
90 73 220 108 72 248
71 154 200 126 183 45
17 92 235 11 186 213
12 229 12 205 251 181
200 102 154 106 98 34
250 15 240 23 121 103
200 240 208 27 177 233
229 100 133 232 248 244
207 168 159 26 27 8
20 86 135 52 240 220
165 23 48 156 156 81
109 238 192 155 29 170
131 221 222 139 161 206
239 210 156 87 222 56
233 33 13 22 57 42
109 55 239 83 152 245
241 102 181 53 69 53
21 126 252 77 219 75
49 155 62 35 17 192
151 186 246 63 50 86
37 70 92 62 87 85
156 9 77 54 215 108
204 108 4 98 149 39
34 40 40 152 153 241
19 240 221 55 81 33
239 247 208 175 206 23
93 111 170 76 198 36
232 150 66 45 114 238
0 157 221 175 128 191
193 143 67 135 252 254
213 227 143 128 174 184
207 247 249 157 160 134
236 223 196 131 246 79
85 9 157 139 21 2
27 197 160 235 117 115
29 239 47 174 216 54
130 2 23 138 177 24
127 30 218 169 102 137
84 22 172 200 110 233
49 225 211 61 6 199
82 127 252 101 44 183
91 101 137 147 36 9
38 117 32 165 174 250
213 255 210 53 140 94
69 25 21 100 83 56
215 204 190 6 249 127
182 60 170 232 0 249
238 251 156 164 13 29
40 84 189 67 109 18
126 80 207 157 26 47
152 225 199 210 105 4
210 252 132 246 88 30
43 29 58 219 6 252
57 46 237 129 156 165
97 162 12 178 120 117
51 88 245 63 93 89
91 51 193 59 239 71
179 96 61 73 137 51
111 50 111 140 161 197
62 101 91 218 125 79
3 156 49 93 188 237
82 248 230 100 179 248
83 142 89 1 249 220
86 16 23 194 180 233
202 214 122 216 94 213
231 55 112 204 88 227
74 161 94 166 173 77
4 158 60 105 83 187
70 152 123 174 246 100
80 28 75 8 61 252
20 85 62 11 151 155
72 151 235 152 202 248
161 170 201 199 117 104
238 125 18 78 98 117
247 1 118 40 202 94
12 48 76 247 176 71
197 233 106 230 126 21
208 207 104 180 239 131
179 235 94 43 204 158
233 226 178 104 106 236
110 46 244 177 186 102
231 61 117 167 228 53
186 130 193 120 248 48
11 148 220 107 170 181
147 122 160 244 230 240
228 47 77 215 61 192
195 50 217 13 141 245
101 79 149 189 14 235
253 183 132 205 118 148
201 40 39 178 81 37
158 109 60 27 73 10
240 223 51 113 140 58
119 215 108 72 153 30
183 39 156 249 191 4
109 36 58 152 96 85
219 21 231 172 176 58
94 44 191 1 248 193
191 204 137 164 144 231
0 254 155 238 165 161
245 26 241 105 135 193
96 35 206 51 111 169
220 196 223 239 130 228
5 23 47 53 212 240
68 99 56 17 89 229
121 204 216 167 108 166
85 185 176 161 39 188
45 203 150 33 128 97
58 59 134 33 254 49
15 253 209 181 236 193
207 170 117 182 198 133
184 1 182 173 119 93
2 199 172 15 30 166
164 70 191 182 108 122
9 42 230 124 0 133
210 93 193 229 151 84
148 213 135 197 73 10
231 177 218 93 250 243
204 201 74 12 37 72
52 25 10 144 116 122
49 93 52 49 22 116
196 199 217 135 42 243
164 17 251 156 138 135
7 241 203 76 143 56
30 193 84 248 193 182
170 223 106 182 205 164
36 237 48 177 229 16
122 73 44 30 18 233
205 2 39 148 50 195
233 102 175 93 161 10
122 95 88 160 66 246
56 183 113 190 87 69
90 17 199 51 78 107
28 249 185 222 156 215
203 163 236 248 33 181
69 183 235 195 26 142
167 55 125 20 41 13
89 76 122 254 66 21
43 86 59 90 9 101
159 35 66 167 92 162
161 111 123 238 2 173
253 106 160 102 254 74
151 39 217 219 193 235
91 172 105 117 245 67
102 187 255 47 182 83
13 77 85 25 156 154
239 206 244 208 186 130
233 210 133 49 245 113
26 102 123 113 172 51
33 166 182 54 17 30
21 86 124 221 137 176
243 47 77 90 168 251
136 93 244 159 99 148
199 7 86 199 39 142
166 102 65 133 177 185
114 169 193 152 238 176
152 15 221 52 107 194
120 215 247 29 54 35
134 229 10 251 92 66
33 228 92 4 44 209
158 51 170 109 111 135
104 213 224 196 116 93
148 253 213 55 10 136
80 27 123 98 16 138
160 76 201 238 180 223
210 138 242 51 114 157
250 89 96 63 11 167
184 134 199 63 233 162
55 186 197 16 241 121
70 191 186 30 118 171
19 35 147 9 124 61
208 58 121 110 71 188
207 20 185 186 217 211
123 41 113 143 125 43
220 41 21 244 216 170
131 48 84 57 181 91
180 61 89 21 29 244
107 206 74 254 71 61
135 204 243 130 242 100
181 189 222 31 151 219
161 99 55 100 105 21
41 214 238 139 201 186
37 76 40 159 193 0
178 251 111 115 150 234
156 87 149 144 160 116
82 192 232 181 223 177
207 140 224 63 250 160
249 191 219 174 134 1
224 81 242 184 83 35
163 156 230 44 218 181
165 209 64 233 196 175
190 196 171 222 120 19
56 148 90 154 35 194
220 46 164 240 245 239
143 175 112 159 99 69
57 62 213 221 236 3
99 106 43 150 175 31
222 30 79 0 144 177
50 142 42 5 244 194
216 0 15 88 247 227
11 121 149 123 68 218
61 59 2 201 217 78
74 175 235 158 213 80
167 186 21 47 84 50
78 114 243 194 87 165
21 7 37 182 182 149
213 18 87 35 144 72
1 187 162 238 18 2
9 170 238 216 92 233
179 123 245 173 11 211
250 212 89 253 163 207
223 63 112 236 118 128
140 135 132 14 241 9
141 196 199 186 89 156
61 165 204 113 247 133
215 115 22 12 89 4
130 112 44 232 67 113
168 226 103 252 230 49
171 168 101 162 73 48
172 173 240 18 63 199
206 238 217 71 13 141
45 183 74 17 247 204
234 106 178 112 76 119
29 140 116 51 203 198
244 135 52 84 64 211
187 182 3 23 36 43
62 165 191 176 92 217
169 115 185 226 169 204
187 218 218 206 83 182
173 74 11 103 193 88
164 170 22 249 98 233
16 163 78 67 189 34
188 154 19 162 98 44
224 203 212 79 76 117
109 9 135 45 65 231
6 203 4 170 190 30
213 199 149 142 154 168
195 181 245 159 223 136
160 20 147 21 188 186
140 233 89 67 179 196
74 196 220 162 238 80
157 71 17 140 232 46
16 137 228 106 78 157
135 192 182 221 209 137
119 181 41 36 45 122
122 37 11 217 67 246
99 49 168 222 173 25
130 228 105 159 74 176
3 72 26 94 43 242
254 117 196 156 110 205
22 172 90 180 9 1
201 234 83 150 131 69
207 127 209 132 112 25
210 92 188 29 80 182
203 207 44 167 106 129
19 82 129 132 97 20
31 151 40 188 155 148
128 130 44 184 228 19
80 86 180 71 44 180
190 206 86 251 253 255
85 80 154 164 46 213
219 241 210 187 180 27
43 37 160 225 132 206
255 250 52 68 154 179
15 193 108 251 68 138
160 53 172 242 77 211
216 118 14 106 123 124
76 60 224 14 194 147
151 95 250 240 155 52
13 15 19 41 208 123
149 56 15 53 41 99
98 244 235 122 244 3
187 101 128 152 38 190
239 219 15 202 134 231
175 126 169 171 101 65
108 164 250 112 41 9
142 134 224 227 100 175
67 184 60 224 211 106
162 213 72 159 83 114
9 25 250 170 103 40
114 147 40 15 196 193
85 65 28 245 196 114
142 142 175 109 231 10
171 138 163 7 196 252
226 221 175 110 222 202
21 222 61 58 133 6
154 213 213 115 234 29
248 222 97 88 123 164
72 91 56 30 94 145
248 74 143 54 243 164
136 120 211 176 210 96
102 18 8 206 238 162
182 82 249 160 19 245
97 94 110 137 5 97
200 153 116 240 213 83
172 85 106 52 12 38
239 145 56 123 208 180
158 229 5 152 45 103
45 64 147 49 116 90
252 242 188 156 120 85
119 91 60 253 169 161
63 199 33 238 171 141
138 44 174 145 233 50
130 140 138 242 190 100
222 234 161 148 231 156
37 130 33 75 98 230
7 103 229 53 57 115
82 240 136 146 92 73
143 38 7 83 190 34
122 45 45 200 97 218
189 159 148 35 40 136
203 190 207 87 235 180
226 185 151 63 24 159
199 157 215 64 124 43
51 15 120 156 228 15
12 53 210 222 235 186
203 24 122 58 149 177
180 21 204 193 150 156
94 108 234 44 69 200
201 9 10 29 200 78
118 200 45 147 91 69
27 251 52 180 24 128
174 151 162 152 123 21
124 119 25 7 83 209
84 244 244 163 122 177
137 45 52 165 133 31
64 193 3 130 145 253
123 75 85 175 75 82
143 158 254 3 183 58
33 104 56 57 96 154
207 110 222 178 6 51
211 227 166 140 128 82
57 244 182 10 48 4
58 139 9 226 150 57
24 251 139 190 159 72
92 36 62 60 68 161
111 219 170 207 202 230
110 27 150 222 255 43
220 157 39 40 170 104
187 101 93 168 4 93
254 103 204 36 223 97
43 188 97 138 226 133
207 212 27 111 213 195
174 71 112 97 178 167
48 0 18 48 47 251
173 82 235 2 162 39
131 223 81 58 237 249
70 120 60 146 22 140
148 244 212 221 150 100
1 201 121 250 149 201
216 33 141 209 68 59
8 159 249 209 162 255
81 175 103 108 55 128
25 159 226 127 134 141
221 73 171 79 21 246
133 68 156 38 72 162
218 52 92 52 108 6
161 153 84 217 230 1
24 138 202 153 149 158
169 145 139 246 200 53
163 227 82 218 36 241
234 59 36 215 141 248
160 21 29 52 183 3
231 236 3 140 172 209
252 33 68 109 239 191
70 227 221 228 55 199
234 158 238 8 79 211
174 18 160 228 9 68
158 207 56 16 26 155
229 93 220 118 88 91
214 228 112 191 173 190
79 88 241 107 85 102
125 127 204 78 26 233
100 227 196 42 22 225
85 188 151 145 16 77
73 138 78 31 7 149
218 91 10 90 157 205
57 17 96 239 198 157
201 21 143 83 53 234
204 96 10 169 173 173
242 227 127 189 105 241
128 147 240 76 100 240
80 120 43 147 104 112
134 60 231 33 27 147
136 174 234 202 243 10
223 174 124 152 218 200
249 112 222 141 131 70
33 146 132 129 156 187
240 43 153 70 215 104
164 136 178 77 194 113
148 3 243 214 117 170
232 91 51 90 157 205
85 38 7 14 5 45
76 37 176 135 55 7
204 44 173 82 158 157
194 142 24 20 82 176
87 154 152 169 94 180
113 231 231 225 210 219
226 53 219 239 163 15
221 188 206 73 217 253
81 112 176 201 75 237
243 60 27 116 254 29
141 162 176 152 52 53
38 78 130 121 241 156
49 233 136 96 201 6
139 43 182 53 156 16
54 235 88 81 107 224
134 180 214 135 64 154
24 234 178 55 112 50
102 18 236 29 50 136
3 166 251 48 185 59
107 249 200 90 10 29
86 135 171 12 255 206
53 11 160 120 14 153
4 115 124 188 36 212
150 146 145 225 166 212
192 26 199 157 174 236
227 211 73 70 204 193
205 96 118 61 51 12
213 229 224 218 59 156
95 64 101 109 142 64
243 56 38 3 236 29
164 236 116 43 207 14
50 151 27 133 81 34
121 69 97 146 188 165
147 255 120 56 42 60
193 2 202 33 133 136
75 190 212 48 167 168
103 126 177 52 125 77
185 153 29 55 92 241
46 24 247 117 31 251
185 17 219 50 7 236
72 243 144 228 172 244
178 23 169 193 188 231
92 56 120 82 75 93
248 26 30 126 97 52
112 94 5 132 222 204
229 226 60 143 191 214
178 10 255 109 183 146
237 93 78 210 56 227
55 101 86 176 168 171
129 10 106 248 84 139
4 133 172 208 89 132
63 126 47 204 133 81
195 190 88 91 98 34
118 220 199 60 128 60
139 56 74 98 202 188
137 159 165 180 127 196
118 237 245 48 82 124
118 48 250 38 241 32
12 182 203 77 121 84
197 195 58 86 184 159
55 190 146 79 58 231
224 177 9 6 60 128
164 199 207 156 148 65
38 55 151 87 177 177
132 15 71 237 141 191
109 45 182 57 181 40
114 179 44 70 12 105
36 29 17 61 37 13
174 55 237 68 28 69
66 116 189 99 240 150
10 225 223 8 200 235
99 114 5 82 103 198
72 88 137 21 81 37
184 107 181 30 220 144
153 39 113 142 225 161
61 50 119 45 109 72
56 158 47 41 215 164
73 10 112 244 252 14
205 156 22 65 250 194
196 148 9 66 192 118
228 139 134 214 29 146
192 145 26 103 148 237
223 100 126 133 168 221
177 231 70 136 204 153
233 44 46 204 245 249
130 74 111 220 75 177
228 51 195 182 90 42
96 218 88 157 47 107
64 47 110 199 0 88
61 2 134 250 17 74
121 177 60 146 238 170
54 134 34 240 220 147
226 17 227 80 87 122
111 219 21 169 43 150
206 25 180 70 250 224
17 25 166 155 247 140
164 178 205 155 108 235
125 99 18 58 103 188
46 233 152 90 199 241
43 208 192 9 2 198
140 153 165 46 213 76
129 205 153 252 14 17
195 174 23 92 95 130
134 200 82 6 118 20
153 254 238 74 93 141
127 17 54 126 144 140
140 237 254 58 235 48
141 132 98 187 208 208
195 229 215 147 28 53
222 246 178 64 240 54
248 32 38 230 58 41
45 83 147 17 190 195
222 7 86 109 66 177
86 31 158 97 6 85
254 37 18 223 14 94
33 230 92 99 111 3
188 74 129 233 147 253
48 211 119 56 19 163
89 146 8 93 251 125
160 155 19 146 245 144
84 206 45 92 242 207
221 154 15 78 117 227
236 164 150 152 150 103
105 202 115 108 181 137
227 130 238 117 39 198
138 142 1 149 33 54
116 192 97 252 237 4
126 219 212 115 139 110
106 49 135 197 0 98
250 102 208 138 104 170
74 38 121 111 222 25
15 178 202 156 0 238
103 213 208 139 134 163
123 4 64 213 149 236
172 193 136 230 79 252
56 96 57 67 0 186
243 88 31 115 52 166
190 183 170 117 64 193
27 254 31 99 59 116
196 29 221 194 153 17
