100
37 11 50 65 55 4
52 69 5 20 23 40
65 2 59 13 56 31
68 56 9 18 55 65
53 8 46 56 11 18
66 16 42 33 0 4
7 34 21 53 2 24
48 18 57 21 59 67
69 45 10 64 47 26
16 35 67 15 27 32
14 69 62 69 64 56
23 34 22 60 27 63
52 35 44 23 34 54
27 68 25 49 25 69
57 33 24 15 27 7
0 58 37 0 61 32
45 42 65 18 5 13
43 39 29 6 16 57
8 18 54 62 29 69
10 54 42 54 39 63
40 57 12 4 15 6
41 0 64 45 41 15
57 38 54 49 19 61
11 67 13 59 19 23
53 43 5 52 6 10
45 43 3 58 54 23
39 25 15 48 59 68
5 31 33 44 12 32
68 36 7 52 4 58
64 29 20 37 22 36
13 37 17 47 38 65
18 59 35 64 67 17
39 16 60 51 11 25
10 26 35 41 29 25
53 61 0 19 53 13
14 25 43 62 13 52
23 26 55 32 16 17
47 36 51 36 13 32
31 24 61 66 53 10
69 29 40 43 31 28
65 46 59 14 36 50
39 47 2 4 61 60
67 54 62 38 9 17
7 29 48 37 14 17
57 69 1 50 36 50
61 46 55 43 27 29
32 30 42 36 7 53
32 37 56 64 43 65
40 25 52 37 65 55
44 40 57 15 24 5
23 23 56 10 9 22
29 67 56 35 40 61
69 58 29 32 52 54
50 15 0 31 51 34
55 46 63 50 35 64
16 64 63 51 64 47
48 40 9 45 21 27
23 32 58 6 52 18
54 1 15 67 1 32
44 4 17 30 40 29
43 29 15 26 55 36
12 42 52 59 20 13
22 64 44 40 59 16
20 67 42 62 32 33
54 34 34 27 66 13
43 56 8 14 12 42
9 42 49 51 66 2
44 36 28 58 5 64
27 9 44 58 41 1
52 3 64 42 55 64
68 33 60 67 34 55
9 44 45 61 3 37
6 68 35 10 33 6
49 68 4 34 35 56
34 51 33 67 14 54
54 55 47 39 35 21
36 46 30 15 32 2
2 49 62 18 55 56
28 14 37 41 67 47
22 31 44 22 21 1
38 45 36 4 23 64
55 7 23 22 7 67
34 4 57 38 10 66
53 46 49 32 8 35
5 60 54 15 29 3
58 14 31 65 28 69
16 0 41 58 58 62
24 42 6 68 14 4
42 24 25 37 33 27
61 11 1 59 19 29
43 41 68 4 56 33
10 34 59 41 25 52
38 25 15 45 29 22
46 50 10 28 3 43
16 56 34 60 49 30
8 55 34 48 22 43
30 56 20 39 69 11
60 13 66 33 66 50
16 12 33 49 62 67
59 53 61 40 13 31
