20 20
9 0
31 44 0 16 14 25 5 46 54 15 2 17 30 24 69 39 63 22 66 43 8 59 66 56 54 37 41 49 65 47 8 0 19 48 11 51 8 34 50 52 10 41 3 67 60 40 15 17 22 47 40 9 63 27 38 12 67 57 63 68
5 4 16 62 61 53 41 11 4 69 51 38 34 14 58 0 9 23 61 68 52 30 3 1 66 2 22 19 62 57 4 20 32 23 15 38 49 4 46 52 6 52 28 69 41 33 6 66 30 61 36 31 68 38 21 14 6 25 27 4
2 67 16 64 42 16 42 66 57 49 52 28 55 62 32 40 20 26 52 8 40 20 20 61 10 11 39 39 61 18 8 21 31 42 20 19 44 23 64 30 28 22 65 40 33 0 53 18 38 22 1 23 6 18 34 27 4 67 13 51
20 67 47 36 53 33 46 43 41 34 50 35 29 14 37 51 47 46 55 25 67 36 35 12 55 43 11 20 10 67 67 59 23 66 23 60 65 6 4 48 57 55 30 2 7 16 32 37 54 32 45 64 19 12 18 57 26 17 58 32
52 53 2 68 1 15 27 25 64 15 2 15 30 13 63 67 36 43 7 54 45 60 1 30 26 5 43 51 51 24 49 62 66 53 55 50 34 26 20 7 22 20 12 12 17 52 54 15 37 58 27 67 13 50 57 13 47 15 6 25
4 50 47 44 10 46 12 7 58 66 57 31 68 58 31 65 68 10 47 69 63 2 22 38 24 2 23 10 50 57 37 36 13 63 30 11 20 18 21 21 65 21 42 45 45 16 2 55 58 19 1 56 65 49 16 68 65 59 3 0
53 67 69 54 11 57 22 5 62 65 64 2 3 0 67 36 8 5 49 3 2 34 28 5 10 64 48 62 0 31 67 26 2 28 52 17 10 2 53 59 25 43 20 26 7 25 58 59 2 63 35 65 64 62 62 20 45 16 12 57
64 64 55 43 9 53 67 63 26 38 59 34 2 43 58 6 60 15 38 42 32 55 14 5 38 2 47 40 51 61 36 9 30 16 26 16 59 0 31 53 67 30 38 37 29 3 50 39 25 52 31 41 64 8 29 26 49 10 23 48
15 44 30 34 50 12 30 59 56 52 67 47 12 53 11 12 50 36 61 53 13 43 6 55 25 64 33 68 53 18 8 55 15 33 24 33 65 60 50 11 46 28 18 57 62 16 50 61 29 0 36 22 17 9 27 54 69 47 28 0
38 48 42 6 60 43 29 50 45 5 23 24 16 7 44 16 23 42 9 47 41 27 4 52 24 58 38 47 39 48 14 3 18 36 64 58 3 14 20 7 54 69 18 22 3 57 46 65 25 64 44 0 2 55 32 25 30 43 33 53
14 7 41 2 10 59 28 64 13 39 45 19 15 67 42 19 25 61 17 35 59 19 16 9 13 21 53 18 20 54 44 61 12 42 2 28 58 7 41 6 64 13 15 68 59 13 32 20 58 19 27 37 23 33 53 15 5 40 60 50
50 21 37 29 23 63 50 39 15 53 52 49 24 49 40 61 26 49 15 2 55 48 1 4 4 29 67 25 59 42 25 63 3 10 44 33 5 19 65 2 63 20 0 10 29 47 24 45 52 41 7 36 62 2 27 25 39 22 27 62
22 64 15 68 51 48 15 14 52 57 15 53 8 51 38 7 5 17 17 17 5 32 38 69 31 28 46 48 44 7 56 43 9 35 40 43 0 47 11 25 48 12 60 26 10 62 30 16 20 64 8 43 28 58 52 40 35 9 39 43
63 42 9 37 54 37 4 23 59 29 68 5 16 4 55 22 1 60 61 23 19 51 39 43 41 7 48 48 8 3 18 39 33 23 54 33 0 56 9 63 3 67 55 14 58 19 32 5 58 34 45 66 6 15 49 22 61 34 23 20
1 23 45 24 55 48 4 28 68 36 16 10 31 51 62 58 59 17 34 1 56 66 59 26 7 14 20 5 25 24 2 66 5 43 14 36 49 47 60 3 58 14 58 32 15 1 41 42 33 59 40 44 47 36 67 53 48 30 42 19
58 32 51 26 52 14 44 40 14 22 2 17 62 64 38 33 36 62 52 69 41 35 25 10 4 34 33 51 37 66 38 41 47 1 6 17 35 46 56 61 21 3 18 16 45 42 16 11 65 34 19 3 54 55 12 22 47 23 55 12
67 21 22 25 43 38 28 19 43 68 51 22 6 6 66 11 61 35 22 45 51 44 29 12 42 48 67 66 49 3 13 40 30 11 50 60 64 2 52 52 7 45 55 55 46 27 0 58 19 11 46 35 38 13 16 32 60 15 69 13
65 33 62 59 37 12 32 0 61 5 42 69 48 50 12 31 34 65 28 42 68 36 7 47 5 19 13 51 7 8 62 41 1 54 61 43 28 41 5 62 31 2 39 67 25 4 27 12 3 49 63 52 35 46 20 66 21 45 68 22
57 6 22 60 11 28 21 64 36 40 11 23 14 8 30 51 9 3 45 67 6 51 59 34 26 17 27 64 68 6 28 19 56 65 16 31 8 52 58 69 50 65 57 68 24 19 47 11 11 40 8 32 62 7 30 37 59 22 40 51
37 37 6 51 51 59 49 34 16 3 45 29 12 40 27 20 5 50 43 13 16 0 23 36 32 17 49 23 10 39 58 9 15 20 5 21 43 29 51 58 38 19 19 45 35 20 50 6 22 50 67 9 34 40 44 23 9 23 9 38
